0.000000e+00 1.793561e-07 4.281841e-01 2.158416e-01 2.267241e-08 4.262271e-02 1.216446e-01 9.898586e-03 2.927346e-18 2.602085e-18 1.134017e-18 1.818081e-01
1.111111e-02 2.097339e-07 4.551869e-01 2.246264e-01 2.147046e-10 4.652312e-02 1.081843e-01 1.069226e-02 2.332164e-03 2.114129e-03 3.303354e-10 1.503405e-01
2.222222e-02 2.179331e-07 4.813761e-01 2.343124e-01 3.839270e-12 4.818989e-02 9.645339e-02 1.110879e-02 2.319766e-03 1.918067e-03 6.810985e-10 1.243214e-01
3.333333e-02 2.259929e-07 5.035126e-01 2.428062e-01 1.934034e-12 4.962035e-02 8.621911e-02 1.145129e-02 1.974070e-03 1.610616e-03 1.049879e-09 1.028055e-01
4.444444e-02 2.341117e-07 5.218875e-01 2.502153e-01 1.992381e-12 5.086680e-02 7.729029e-02 1.174902e-02 1.641353e-03 1.336079e-03 1.433698e-09 8.501341e-02
5.555556e-02 2.422837e-07 5.370947e-01 2.566761e-01 2.069914e-12 5.195358e-02 6.950038e-02 1.200862e-02 1.359676e-03 1.106221e-03 1.829957e-09 7.030050e-02
6.666667e-02 2.505020e-07 5.496744e-01 2.623096e-01 2.148263e-12 5.290117e-02 6.270408e-02 1.223503e-02 1.125837e-03 9.157485e-04 2.236488e-09 5.813389e-02
7.777778e-02 2.587605e-07 5.600802e-01 2.672216e-01 2.227162e-12 5.372735e-02 5.677465e-02 1.243248e-02 9.323425e-04 7.581858e-04 2.651497e-09 4.807291e-02
8.888889e-02 2.670541e-07 5.686882e-01 2.715044e-01 2.306528e-12 5.444765e-02 5.160149e-02 1.260467e-02 7.723190e-04 6.278849e-04 3.073500e-09 3.975314e-02
1.000000e-01 2.753782e-07 5.758095e-01 2.752383e-01 2.386295e-12 5.507560e-02 4.708813e-02 1.275482e-02 6.399893e-04 5.201342e-04 3.501268e-09 3.287325e-02
1.668101e+00 1.474876e-06 6.123069e-01 2.988700e-01 1.392662e-11 5.899522e-02 1.611718e-02 1.369592e-02 7.766331e-06 5.320916e-06 6.670417e-08 1.892975e-07
2.782559e+01 2.050313e-05 6.525580e-01 2.678240e-01 1.928653e-10 5.286692e-02 1.444295e-02 1.227322e-02 7.828092e-06 5.510642e-06 8.841491e-07 1.986264e-07
4.641589e+02 1.697695e-04 9.374448e-01 4.808040e-02 1.495728e-09 9.490837e-03 2.592703e-03 2.203355e-03 8.265148e-06 6.853446e-06 2.786314e-06 2.646542e-07
7.742637e+03 5.677299e-04 9.878241e-01 8.934677e-03 4.860130e-09 1.763703e-03 4.816689e-04 4.094819e-04 8.339902e-06 7.090002e-06 2.974742e-06 2.763129e-07
1.291550e+05 6.805055e-03 9.816591e-01 8.878916e-03 5.752472e-08 1.752696e-03 4.786628e-04 4.069264e-04 8.287853e-06 7.045754e-06 2.956192e-06 2.745885e-07
2.154435e+06 1.046603e-01 8.849397e-01 8.004108e-03 8.837611e-07 1.580009e-03 4.315019e-04 3.668334e-04 7.471280e-06 6.351561e-06 2.665164e-06 2.475342e-07
3.593814e+07 8.220201e-01 1.759058e-01 1.591038e-03 6.940759e-06 3.140705e-04 8.577294e-05 7.291828e-05 1.485120e-06 1.262546e-06 5.316885e-07 4.920417e-08
5.994843e+08 9.987221e-01 1.254745e-03 1.135336e-05 8.432734e-06 2.241151e-06 6.120603e-07 5.203317e-07 1.059347e-08 9.005810e-09 6.165085e-09 3.509758e-10
1.000000e+10 9.987221e-01 1.254745e-03 1.135336e-05 8.432734e-06 2.241151e-06 6.120603e-07 5.203317e-07 1.059347e-08 9.005810e-09 6.165085e-09 3.509758e-10
