0.000000e+00 6.401178e-02 1.041573e-01 8.820412e-21 6.370748e-17 1.315871e-17 1.674008e-16 9.857685e-17 2.532696e-16 2.359224e-16 2.320193e-17 2.487018e-01 2.112423e-01 1.812403e-01 1.106996e-01 7.994703e-02
1.111111e-02 7.092752e-02 9.724250e-02 1.170273e-10 6.265317e-07 7.278064e-05 2.789269e-01 6.719734e-05 1.772273e-01 1.075662e-01 7.916147e-02 7.326176e-02 4.896209e-02 3.621189e-02 1.453184e-02 1.583998e-02
2.222222e-02 7.738363e-02 9.078628e-02 5.549533e-10 2.502946e-06 1.221714e-04 3.436415e-01 6.777235e-05 1.859349e-01 1.140630e-01 8.267784e-02 3.439165e-02 2.689879e-02 2.204106e-02 1.224008e-02 9.748828e-03
3.333333e-02 8.341108e-02 8.475872e-02 1.189377e-09 5.083721e-06 1.525125e-04 3.553390e-01 7.452311e-05 1.867899e-01 1.147468e-01 8.299899e-02 2.794431e-02 2.337000e-02 1.973586e-02 1.191315e-02 8.759989e-03
4.444444e-02 8.903836e-02 7.913135e-02 1.957786e-09 8.172725e-06 1.782456e-04 3.573006e-01 8.336890e-05 1.869043e-01 1.148423e-01 8.304034e-02 2.687773e-02 2.278561e-02 1.935364e-02 1.186005e-02 8.595920e-03
5.555556e-02 9.429204e-02 7.387760e-02 2.844846e-09 1.172300e-05 2.028355e-04 3.576137e-01 9.255675e-05 1.869156e-01 1.148533e-01 8.304378e-02 2.670012e-02 2.268791e-02 1.928959e-02 1.185086e-02 8.568405e-03
6.666667e-02 9.919692e-02 6.897266e-02 3.846148e-09 1.571989e-05 2.269532e-04 3.576523e-01 1.017058e-04 1.869104e-01 1.148509e-01 8.304123e-02 2.666970e-02 2.267087e-02 1.927826e-02 1.184890e-02 8.563525e-03
7.777778e-02 1.037762e-01 6.439337e-02 4.959386e-09 2.015481e-05 2.507219e-04 3.576453e-01 1.107463e-04 1.869026e-01 1.148462e-01 8.303771e-02 2.666366e-02 2.266720e-02 1.927566e-02 1.184813e-02 8.562397e-03
8.888889e-02 1.080514e-01 6.011812e-02 6.182644e-09 2.502036e-05 2.741667e-04 3.576308e-01 1.196677e-04 1.868943e-01 1.148411e-01 8.303403e-02 2.666166e-02 2.266575e-02 1.927451e-02 1.184756e-02 8.561890e-03
1.000000e-01 1.120428e-01 5.612672e-02 7.514099e-09 3.030941e-05 2.972956e-04 3.576150e-01 1.284694e-04 1.868860e-01 1.148360e-01 8.303032e-02 2.666034e-02 2.266466e-02 1.927360e-02 1.184702e-02 8.561487e-03
1.668101e+00 1.684631e-01 4.086416e-06 7.363315e-07 2.893281e-03 1.805397e-03 3.553598e-01 7.019388e-04 1.857074e-01 1.141118e-01 8.250670e-02 2.649219e-02 2.252172e-02 1.915205e-02 1.177231e-02 8.507497e-03
2.782559e+01 2.321959e-01 8.690853e-07 5.159666e-06 2.024567e-02 2.862910e-03 3.198543e-01 1.100186e-03 1.671526e-01 1.027104e-01 7.426311e-02 2.384525e-02 2.027150e-02 1.723849e-02 1.059609e-02 7.657484e-03
4.641589e+02 8.671158e-01 3.252011e-06 9.173312e-07 3.599312e-03 5.010144e-04 5.531169e-02 1.924972e-04 2.890533e-02 1.776148e-02 1.284215e-02 4.123506e-03 3.505504e-03 2.981014e-03 1.832359e-03 1.324191e-03
7.742637e+03 9.999962e-01 3.750737e-06 3.724101e-11 5.314018e-12 2.864454e-13 1.867773e-13 1.081961e-13 9.760997e-14 5.997821e-14 4.336641e-14 1.392627e-14 1.183982e-14 1.006792e-14 6.187861e-15 4.472867e-15
1.291550e+05 9.999962e-01 3.750737e-06 3.724101e-11 5.313322e-12 2.863485e-13 1.760759e-13 1.081589e-13 9.201750e-14 5.654180e-14 4.088177e-14 1.312847e-14 1.116159e-14 9.491167e-15 5.833345e-15 4.216669e-15
2.154435e+06 9.999962e-01 3.750737e-06 3.724101e-11 5.313322e-12 2.863485e-13 1.760759e-13 1.081589e-13 9.201750e-14 5.654180e-14 4.088177e-14 1.312847e-14 1.116159e-14 9.491167e-15 5.833345e-15 4.216669e-15
3.593814e+07 9.999962e-01 3.750737e-06 3.724101e-11 5.313322e-12 2.863485e-13 1.760759e-13 1.081589e-13 9.201750e-14 5.654180e-14 4.088177e-14 1.312847e-14 1.116159e-14 9.491167e-15 5.833345e-15 4.216669e-15
5.994843e+08 9.999962e-01 3.750737e-06 3.724101e-11 5.313322e-12 2.863485e-13 1.760759e-13 1.081589e-13 9.201750e-14 5.654180e-14 4.088177e-14 1.312847e-14 1.116159e-14 9.491167e-15 5.833345e-15 4.216669e-15
1.000000e+10 9.999962e-01 3.750737e-06 3.724101e-11 5.313322e-12 2.863485e-13 1.760759e-13 1.081589e-13 9.201750e-14 5.654180e-14 4.088177e-14 1.312847e-14 1.116159e-14 9.491167e-15 5.833345e-15 4.216669e-15
