0.000000e+00 3.867165e-15 5.049376e-16 3.476358e-03 1.110223e-16 9.965236e-01
1.111111e-02 3.385751e-07 1.182100e-05 4.291754e-03 6.167027e-01 3.789934e-01
2.222222e-02 6.425823e-07 2.451348e-05 5.023529e-03 6.162417e-01 3.787096e-01
3.333333e-02 9.463621e-07 3.719647e-05 5.754518e-03 6.157809e-01 3.784265e-01
4.444444e-02 1.249915e-06 4.986997e-05 6.484722e-03 6.153206e-01 3.781436e-01
5.555556e-02 1.553241e-06 6.253401e-05 7.214142e-03 6.148608e-01 3.778610e-01
6.666667e-02 1.856340e-06 7.518858e-05 7.942778e-03 6.144014e-01 3.775788e-01
7.777778e-02 2.159213e-06 8.783369e-05 8.670632e-03 6.139426e-01 3.772968e-01
8.888889e-02 2.461859e-06 1.004694e-04 9.397704e-03 6.134842e-01 3.770151e-01
1.000000e-01 2.764280e-06 1.130956e-04 1.012400e-02 6.130264e-01 3.767338e-01
1.668101e+00 4.329033e-05 1.805075e-03 1.051783e-01 5.530783e-01 3.398950e-01
2.782559e+01 4.138490e-04 1.727507e-02 6.368649e-01 2.139497e-01 1.314965e-01
4.641589e+02 3.735774e-03 1.559190e-01 5.854332e-01 1.578764e-01 9.703564e-02
7.742637e+03 2.197926e-02 9.136723e-01 4.482384e-02 1.209230e-02 7.432295e-03
1.291550e+05 2.555740e-02 9.723643e-01 1.442497e-03 3.938061e-04 2.420445e-04
2.154435e+06 6.032095e-02 9.376748e-01 1.391038e-03 3.797578e-04 2.334100e-04
3.593814e+07 4.870441e-01 5.118617e-01 7.593853e-04 2.073146e-04 1.274215e-04
5.994843e+08 9.975107e-01 2.483835e-03 3.772108e-06 1.029798e-06 6.329432e-07
1.000000e+10 9.975310e-01 2.463617e-03 3.742117e-06 1.021610e-06 6.279108e-07
