0.000000e+00 1.210491e-06 6.193420e-01 3.806568e-01
1.111111e-02 1.468158e-06 6.193283e-01 3.806703e-01
2.222222e-02 1.725824e-06 6.193281e-01 3.806702e-01
3.333333e-02 1.983490e-06 6.193279e-01 3.806701e-01
4.444444e-02 2.241156e-06 6.193278e-01 3.806700e-01
5.555556e-02 2.498822e-06 6.193276e-01 3.806699e-01
6.666667e-02 2.756488e-06 6.193275e-01 3.806698e-01
7.777778e-02 3.014154e-06 6.193273e-01 3.806697e-01
8.888889e-02 3.271820e-06 6.193271e-01 3.806696e-01
1.000000e-01 3.529486e-06 6.193270e-01 3.806695e-01
1.668101e+00 3.989294e-05 6.193045e-01 3.806557e-01
2.782559e+01 6.462747e-04 6.189289e-01 3.804248e-01
4.641589e+02 1.070666e-02 6.126982e-01 3.765951e-01
7.742637e+03 1.642100e-01 5.176291e-01 3.181609e-01
1.291550e+05 9.487776e-01 3.172355e-02 1.949889e-02
2.154435e+06 9.999999e-01 4.038403e-08 2.482206e-08
3.593814e+07 9.999999e-01 4.038403e-08 2.482206e-08
5.994843e+08 9.999999e-01 4.038403e-08 2.482206e-08
1.000000e+10 9.999999e-01 4.038403e-08 2.482206e-08
