0.000000e+00 4.380732e-15 3.793985e-04 3.673538e-01 5.579441e-02 5.764724e-01
1.111111e-02 2.720678e-06 6.127251e-04 3.675650e-01 7.013471e-02 5.616849e-01
2.222222e-02 5.371685e-06 8.982714e-04 3.677720e-01 8.399869e-02 5.473257e-01
3.333333e-02 7.955036e-06 1.234300e-03 3.679750e-01 9.740058e-02 5.333821e-01
4.444444e-02 1.047269e-05 1.619125e-03 3.681742e-01 1.103542e-01 5.198420e-01
5.555556e-02 1.292655e-05 2.051110e-03 3.683696e-01 1.228728e-01 5.066936e-01
6.666667e-02 1.531846e-05 2.528670e-03 3.685613e-01 1.349696e-01 4.939252e-01
7.777778e-02 1.765020e-05 3.050265e-03 3.687494e-01 1.466570e-01 4.815257e-01
8.888889e-02 1.992353e-05 3.614402e-03 3.689341e-01 1.579474e-01 4.694842e-01
1.000000e-01 2.214011e-05 4.219633e-03 3.691154e-01 1.688525e-01 4.577903e-01
1.668101e+00 1.252450e-04 1.994231e-01 3.809961e-01 3.631463e-01 5.630913e-02
2.782559e+01 2.037126e-04 6.271452e-01 3.680672e-01 3.957629e-03 6.262646e-04
4.641589e+02 2.753037e-04 8.969177e-01 1.009691e-01 1.604644e-03 2.332376e-04
7.742637e+03 5.948816e-04 9.951193e-01 3.400430e-03 7.895830e-04 9.577443e-05
1.291550e+05 5.586031e-03 9.901496e-01 3.383448e-03 7.856398e-04 9.529612e-05
2.154435e+06 8.526138e-02 9.108159e-01 3.112356e-03 7.226920e-04 8.766072e-05
3.593814e+07 7.728274e-01 2.261984e-01 7.729442e-04 1.794784e-04 2.177028e-05
5.994843e+08 9.999034e-01 9.622950e-05 3.288919e-07 7.636575e-08 9.264659e-09
1.000000e+10 9.999034e-01 9.622948e-05 3.288919e-07 7.636573e-08 9.264658e-09
