0.000000e+00 2.642886e-05 2.942693e-02 6.846395e-01 2.132165e-01 1.103699e-04 7.258026e-02
1.111111e-02 3.367918e-05 3.043304e-02 6.846710e-01 2.131511e-01 1.089178e-04 7.160225e-02
2.222222e-02 4.092732e-05 3.142597e-02 6.847025e-01 2.130857e-01 1.074502e-04 7.063741e-02
3.333333e-02 4.817328e-05 3.240585e-02 6.847340e-01 2.130204e-01 1.060023e-04 6.968558e-02
4.444444e-02 5.541705e-05 3.337288e-02 6.847655e-01 2.129551e-01 1.045739e-04 6.874657e-02
5.555556e-02 6.265863e-05 3.432721e-02 6.847970e-01 2.128898e-01 1.031648e-04 6.782021e-02
6.666667e-02 6.989804e-05 3.526902e-02 6.848285e-01 2.128245e-01 1.017747e-04 6.690634e-02
7.777778e-02 7.713526e-05 3.619848e-02 6.848600e-01 2.127592e-01 1.004033e-04 6.600478e-02
8.888889e-02 8.437029e-05 3.711575e-02 6.848915e-01 2.126940e-01 9.905039e-05 6.511537e-02
1.000000e-01 9.160315e-05 3.802101e-02 6.849230e-01 2.126287e-01 9.771571e-05 6.423794e-02
1.668101e+00 1.090813e-03 9.651422e-02 6.892877e-01 2.036245e-01 1.440401e-05 9.468378e-03
2.782559e+01 1.280945e-02 1.658473e-01 7.218497e-01 9.949352e-02 2.124896e-09 9.929151e-12
4.641589e+02 2.923020e-02 5.914738e-01 3.776504e-01 1.645641e-03 7.578302e-09 3.580016e-11
7.742637e+03 8.744390e-02 5.994228e-01 3.117976e-01 1.335639e-03 7.680154e-09 3.629384e-11
1.291550e+05 4.087778e-01 3.877860e-01 2.024893e-01 9.468725e-04 4.968540e-09 2.347952e-11
2.154435e+06 4.354145e-01 3.702426e-01 1.934283e-01 9.146461e-04 4.743763e-09 2.241729e-11
3.593814e+07 4.354145e-01 3.702426e-01 1.934283e-01 9.146461e-04 4.743763e-09 2.241729e-11
5.994843e+08 4.354145e-01 3.702426e-01 1.934283e-01 9.146461e-04 4.743763e-09 2.241729e-11
1.000000e+10 4.354145e-01 3.702426e-01 1.934283e-01 9.146461e-04 4.743763e-09 2.241729e-11
