0.000000e+00 3.626149e-01 1.600221e-01 2.085825e-01 5.780156e-04 7.535739e-02 1.928452e-01
1.111111e-02 3.749278e-01 1.665555e-01 1.836037e-01 8.262562e-04 8.155867e-02 1.925281e-01
2.222222e-02 3.871391e-01 1.719822e-01 1.714630e-01 1.033095e-03 7.617109e-02 1.922115e-01
3.333333e-02 3.985670e-01 1.770599e-01 1.601338e-01 1.205560e-03 7.113819e-02 1.918955e-01
4.444444e-02 4.092608e-01 1.818113e-01 1.495584e-01 1.349480e-03 6.644012e-02 1.915799e-01
5.555556e-02 4.192671e-01 1.862572e-01 1.396865e-01 1.469683e-03 6.205461e-02 1.912649e-01
6.666667e-02 4.286301e-01 1.904171e-01 1.304714e-01 1.570167e-03 5.796088e-02 1.909504e-01
7.777778e-02 4.373910e-01 1.943095e-01 1.218694e-01 1.654247e-03 5.413950e-02 1.906364e-01
8.888889e-02 4.455888e-01 1.979516e-01 1.138396e-01 1.724669e-03 5.057236e-02 1.903230e-01
1.000000e-01 4.532599e-01 2.013596e-01 1.063441e-01 1.783711e-03 4.724254e-02 1.900100e-01
1.668101e+00 5.855862e-01 2.601424e-01 1.231212e-03 1.860969e-03 5.469561e-04 1.506323e-01
2.782559e+01 6.883344e-01 3.057774e-01 1.446001e-03 6.696488e-04 6.423746e-04 3.130201e-03
4.641589e+02 6.905143e-01 3.067456e-01 1.450693e-03 6.443713e-04 6.444590e-04 5.112326e-07
7.742637e+03 6.905143e-01 3.067456e-01 1.450693e-03 6.443713e-04 6.444590e-04 5.112326e-07
1.291550e+05 6.905143e-01 3.067456e-01 1.450693e-03 6.443713e-04 6.444590e-04 5.112326e-07
2.154435e+06 6.905143e-01 3.067456e-01 1.450693e-03 6.443713e-04 6.444590e-04 5.112326e-07
3.593814e+07 6.905143e-01 3.067456e-01 1.450693e-03 6.443713e-04 6.444590e-04 5.112326e-07
5.994843e+08 6.905143e-01 3.067456e-01 1.450693e-03 6.443713e-04 6.444590e-04 5.112326e-07
1.000000e+10      nan      nan      nan      nan      nan      nan
