0.000000e+00 1.656143e-06 8.826763e-02 6.323962e-02 6.801858e-08 4.005351e-02 1.387890e-03 9.295626e-03 2.916349e-03 1.844620e-01 1.569986e-01 8.107124e-02 6.905808e-02 7.852418e-02 4.812548e-02 4.076082e-02 7.369106e-02 6.214627e-02
1.111111e-02 2.024974e-06 9.490272e-02 6.700195e-02 8.304098e-08 4.549713e-02 1.380408e-03 1.052643e-02 3.376632e-03 1.856234e-01 1.579721e-01 8.061581e-02 6.866416e-02 7.399570e-02 4.580161e-02 3.614473e-02 7.184919e-02 5.664594e-02
2.222222e-02 2.423615e-06 1.012476e-01 7.040147e-02 9.919811e-08 5.066687e-02 1.370469e-03 1.173460e-02 3.814684e-03 1.865513e-01 1.587427e-01 8.009879e-02 6.821580e-02 6.981930e-02 4.359256e-02 3.208787e-02 6.998241e-02 5.167107e-02
3.333333e-02 2.850745e-06 1.073406e-01 7.347253e-02 1.164345e-07 5.558007e-02 1.358517e-03 1.291781e-02 4.231628e-03 1.872613e-01 1.593297e-01 7.952473e-02 6.771948e-02 6.597198e-02 4.149737e-02 2.851970e-02 6.810112e-02 4.717039e-02
4.444444e-02 3.305177e-06 1.132148e-01 7.624654e-02 1.347054e-07 6.025280e-02 1.344882e-03 1.407414e-02 4.628573e-03 1.877713e-01 1.597481e-01 7.889943e-02 6.718009e-02 6.243105e-02 3.951399e-02 2.537887e-02 6.621443e-02 4.309760e-02
5.555556e-02 3.785852e-06 1.188986e-01 7.875209e-02 1.539708e-07 6.470001e-02 1.329842e-03 1.520199e-02 5.006600e-03 1.880976e-01 1.600117e-01 7.822841e-02 6.660232e-02 5.917439e-02 3.763951e-02 2.261197e-02 6.433022e-02 3.941089e-02
6.666667e-02 4.291821e-06 1.244164e-01 8.101525e-02 1.741952e-07 6.893551e-02 1.313639e-03 1.630009e-02 5.366762e-03 1.882555e-01 1.601333e-01 7.751694e-02 6.599064e-02 5.618071e-02 3.587043e-02 2.017253e-02 6.245534e-02 3.607252e-02
7.777778e-02 4.822234e-06 1.297893e-01 8.305972e-02 1.953467e-07 7.297207e-02 1.296492e-03 1.736744e-02 5.710073e-03 1.882591e-01 1.601249e-01 7.676999e-02 6.534924e-02 5.342968e-02 3.420276e-02 1.802003e-02 6.059568e-02 3.304843e-02
8.888889e-02 5.376324e-06 1.350354e-01 8.490706e-02 2.173969e-07 7.682146e-02 1.278590e-03 1.840328e-02 6.037506e-03 1.881216e-01 1.599976e-01 7.599223e-02 6.468208e-02 5.090204e-02 3.263220e-02 1.611916e-02 5.875630e-02 3.030792e-02
1.000000e-01 5.953402e-06 1.401701e-01 8.657689e-02 2.403201e-07 8.049452e-02 1.260105e-03 1.940710e-02 6.349993e-03 1.878550e-01 1.597614e-01 7.518802e-02 6.399283e-02 4.857964e-02 3.115423e-02 1.443911e-02 5.694150e-02 2.782326e-02
1.668101e+00 2.298453e-04 5.877678e-01 1.609408e-01 8.975452e-06 9.261036e-02 7.660498e-04 2.414172e-02 1.714157e-02 4.534430e-02 3.853926e-02 1.280840e-02 1.088785e-02 6.020581e-03 2.101785e-03 1.295860e-04 4.410465e-04 1.200654e-04
2.782559e+01 6.966126e-03 7.622699e-01 2.081581e-01 2.714360e-04 2.606111e-03 9.841328e-04 7.116798e-04 1.802613e-02 2.075011e-06 1.764283e-06 8.376545e-07 7.136130e-07 4.241494e-07 5.099757e-07 1.565089e-08 3.736302e-08 1.889805e-08
4.641589e+02 1.077060e-01 6.881301e-01 1.879113e-01 4.196481e-03 2.351877e-03 8.884095e-04 6.422401e-04 8.169658e-03 1.348490e-06 1.146559e-06 4.899364e-07 4.171967e-07 2.727287e-07 2.514696e-07 1.146001e-08 2.121207e-08 1.080202e-08
7.742637e+03 5.907033e-01 3.020437e-01 8.247588e-02 2.301518e-02 1.031869e-03 3.899299e-04 2.817682e-04 5.750367e-05 3.633152e-07 3.089116e-07 9.908579e-08 8.424785e-08 7.172226e-08 1.940858e-08 3.867780e-09 3.859653e-09 2.016122e-09
1.291550e+05 6.222008e-01 2.764502e-01 7.548665e-02 2.424240e-02 9.444156e-04 3.568861e-04 2.578870e-04 5.988223e-05 3.329817e-07 2.831203e-07 9.092309e-08 7.730807e-08 6.574076e-08 1.795010e-08 3.542373e-09 3.543694e-09 1.850838e-09
2.154435e+06 6.222008e-01 2.764502e-01 7.548665e-02 2.424240e-02 9.444156e-04 3.568861e-04 2.578870e-04 5.988223e-05 3.329817e-07 2.831203e-07 9.092309e-08 7.730807e-08 6.574076e-08 1.795010e-08 3.542373e-09 3.543694e-09 1.850838e-09
3.593814e+07 6.222008e-01 2.764502e-01 7.548665e-02 2.424240e-02 9.444156e-04 3.568861e-04 2.578870e-04 5.988223e-05 3.329817e-07 2.831203e-07 9.092309e-08 7.730807e-08 6.574076e-08 1.795010e-08 3.542373e-09 3.543694e-09 1.850838e-09
5.994843e+08 6.222008e-01 2.764502e-01 7.548665e-02 2.424240e-02 9.444156e-04 3.568861e-04 2.578870e-04 5.988223e-05 3.329817e-07 2.831203e-07 9.092309e-08 7.730807e-08 6.574076e-08 1.795010e-08 3.542373e-09 3.543694e-09 1.850838e-09
1.000000e+10 6.222008e-01 2.764502e-01 7.548665e-02 2.424240e-02 9.444156e-04 3.568861e-04 2.578870e-04 5.988223e-05 3.329817e-07 2.831203e-07 9.092309e-08 7.730807e-08 6.574076e-08 1.795010e-08 3.542373e-09 3.543694e-09 1.850838e-09
