0.000000e+00 3.419327e-08 3.765510e-01 4.361038e-01 5.743108e-02 1.299141e-01
1.111111e-02 4.168944e-08 4.028245e-01 4.098576e-01 6.369131e-02 1.236265e-01
2.222222e-02 4.965915e-08 4.258906e-01 3.868666e-01 6.959836e-02 1.176444e-01
3.333333e-02 5.804463e-08 4.461465e-01 3.667302e-01 7.517043e-02 1.119528e-01
4.444444e-02 6.679530e-08 4.639407e-01 3.490968e-01 8.042473e-02 1.065376e-01
5.555556e-02 7.586682e-08 4.795785e-01 3.336584e-01 8.537755e-02 1.013855e-01
6.666667e-02 8.522039e-08 4.933274e-01 3.201447e-01 9.004434e-02 9.648349e-02
7.777778e-02 9.482199e-08 5.054218e-01 3.083188e-01 9.443971e-02 9.181958e-02
8.888889e-02 1.046418e-07 5.160673e-01 2.979730e-01 9.857750e-02 8.738216e-02
1.000000e-01 1.146538e-07 5.254439e-01 2.889250e-01 1.024709e-01 8.316023e-02
1.000000e+00 1.050800e-06 6.254573e-01 2.376231e-01 1.350863e-01 1.832240e-03
1.000000e+01 1.158777e-05 6.881804e-01 2.599462e-01 5.173386e-02 1.279248e-04
1.000000e+02 1.187773e-04 6.884040e-01 2.600241e-01 5.132637e-02 1.267658e-04
1.000000e+03 1.190036e-03 6.876665e-01 2.597455e-01 5.127138e-02 1.266300e-04
1.000000e+04 1.183836e-02 6.803353e-01 2.569763e-01 5.072477e-02 1.252800e-04
1.000000e+05 1.121478e-01 6.112736e-01 2.308904e-01 4.557564e-02 1.125627e-04
1.000000e+06 6.890113e-01 2.141113e-01 8.087415e-02 1.596381e-02 3.942742e-05
1.000000e+07 9.790657e-01 1.441298e-02 5.444071e-03 1.074608e-03 2.654064e-06
1.000000e+08 9.790708e-01 1.440947e-02 5.442744e-03 1.074346e-03 2.653417e-06
