0.000000e+00 2.322285e-15 9.033573e-16 5.689893e-16 5.012499e-01 2.851459e-15 1.016765e-15 9.388801e-02 1.745552e-16 4.048621e-01
1.111111e-02 1.312966e-04 1.736326e-03 9.247767e-02 5.002810e-01 1.531205e-04 3.206070e-03 5.117388e-04 3.465108e-04 4.011562e-01
2.222222e-02 3.287464e-04 2.554737e-03 9.243119e-02 4.993142e-01 5.852952e-04 6.102265e-03 5.092989e-04 6.898415e-04 3.974844e-01
3.333333e-02 5.923593e-04 3.304734e-03 9.238276e-02 4.983494e-01 1.259542e-03 8.725855e-03 5.090487e-04 1.030021e-03 3.938462e-01
4.444444e-02 9.138172e-04 3.994687e-03 9.233452e-02 4.973867e-01 2.143445e-03 1.110954e-02 5.087983e-04 1.367079e-03 3.902415e-01
5.555556e-02 1.285826e-03 4.631917e-03 9.228645e-02 4.964259e-01 3.208589e-03 1.328202e-02 5.085477e-04 1.701043e-03 3.866697e-01
6.666667e-02 1.701988e-03 5.222847e-03 9.223856e-02 4.954671e-01 4.430073e-03 1.526848e-02 5.082970e-04 2.031942e-03 3.831308e-01
7.777778e-02 2.156694e-03 5.773109e-03 9.219083e-02 4.945102e-01 5.786078e-03 1.709100e-02 5.080463e-04 2.359805e-03 3.796242e-01
8.888889e-02 2.645025e-03 6.287641e-03 9.214324e-02 4.935553e-01 7.257486e-03 1.876899e-02 5.077956e-04 2.684658e-03 3.761498e-01
1.000000e-01 3.162668e-03 6.770775e-03 9.209580e-02 4.926024e-01 8.827550e-03 2.031945e-02 5.075450e-04 3.006529e-03 3.727073e-01
1.000000e+00 5.669508e-02 2.800149e-02 8.855657e-02 4.214058e-01 1.411059e-01 6.540720e-02 4.885229e-04 2.128584e-02 1.770537e-01
1.000000e+01 3.096466e-01 1.182802e-01 7.120995e-02 9.563530e-02 2.663947e-01 1.006336e-01 3.949842e-04 3.733874e-02 4.659409e-04
1.000000e+02 3.754519e-01 1.418076e-01 6.303946e-02 1.462832e-02 2.696094e-01 1.018401e-01 3.504987e-04 3.291774e-02 3.550698e-04
1.000000e+03 3.760510e-01 1.420337e-01 6.309845e-02 1.465212e-02 2.823600e-01 1.066530e-01 3.508288e-04 1.448182e-02 3.191009e-04
1.000000e+04 3.808827e-01 1.438586e-01 6.390935e-02 1.484039e-02 2.794742e-01 1.055624e-01 3.553375e-04 1.081043e-02 3.065414e-04
1.000000e+05 4.241606e-01 1.602045e-01 7.117161e-02 1.652665e-02 2.310697e-01 8.727919e-02 3.957157e-04 8.938541e-03 2.534501e-04
1.000000e+06 5.950272e-01 2.247405e-01 9.984393e-02 2.318423e-02 3.996253e-02 1.509457e-02 5.551344e-04 1.548088e-03 4.383920e-05
1.000000e+07 6.225870e-01 2.351498e-01 1.044686e-01 2.425806e-02 9.138076e-03 3.451616e-03 5.808476e-04 3.560521e-04 1.003020e-05
1.000000e+08 6.225870e-01 2.351498e-01 1.044686e-01 2.425806e-02 9.138076e-03 3.451616e-03 5.808476e-04 3.560521e-04 1.003020e-05
