0.000000e+00 4.755175e-16 5.793976e-16 1.260969e-01 3.885781e-16 1.110223e-15 2.884446e-05 3.787144e-01 1.978934e-01 1.952426e-01 1.020238e-01
1.111111e-02 1.998325e-04 1.258821e-01 1.364555e-03 2.058549e-01 1.075405e-01 1.871962e-05 3.625595e-01 1.894587e-01 4.677286e-03 2.443921e-03
2.222222e-02 2.478402e-04 1.272722e-01 1.374602e-03 2.301451e-01 1.202299e-01 1.603528e-05 3.372641e-01 1.762404e-01 4.735484e-03 2.474317e-03
3.333333e-02 2.927773e-04 1.287668e-01 1.388959e-03 2.523573e-01 1.318337e-01 1.468724e-05 3.139802e-01 1.640732e-01 4.789813e-03 2.502692e-03
4.444444e-02 3.358474e-04 1.303594e-01 1.404481e-03 2.726602e-01 1.424401e-01 1.363893e-05 2.925469e-01 1.528730e-01 4.838385e-03 2.528060e-03
5.555556e-02 3.773843e-04 1.320415e-01 1.421065e-03 2.912071e-01 1.521291e-01 1.270698e-05 2.728162e-01 1.425626e-01 4.881665e-03 2.550665e-03
6.666667e-02 4.175631e-04 1.338051e-01 1.438619e-03 3.081388e-01 1.609744e-01 1.185474e-05 2.546521e-01 1.330707e-01 4.920082e-03 2.570729e-03
7.777778e-02 4.565218e-04 1.356431e-01 1.457058e-03 3.235850e-01 1.690436e-01 1.107117e-05 2.379291e-01 1.243320e-01 4.954029e-03 2.588458e-03
8.888889e-02 4.943839e-04 1.375487e-01 1.476302e-03 3.376650e-01 1.763991e-01 1.034996e-05 2.225321e-01 1.162862e-01 4.983868e-03 2.604041e-03
1.000000e-01 5.312618e-04 1.395158e-01 1.496280e-03 3.504884e-01 1.830981e-01 9.685985e-06 2.083551e-01 1.088778e-01 5.009933e-03 2.617653e-03
1.668101e+00 6.542994e-03 4.403570e-01 4.682069e-03 3.269858e-01 1.708203e-01 1.477875e-06 2.975390e-02 1.554815e-02 3.486582e-03 1.821666e-03
2.782559e+01 2.359904e-01 7.473659e-01 7.943299e-03 5.198950e-03 2.716608e-03 5.293621e-06 4.566341e-04 2.386250e-04 5.531747e-05 2.890872e-05
4.641589e+02 9.764343e-01 2.304427e-02 2.451173e-04 1.521891e-04 7.952436e-05 2.182380e-05 1.334765e-05 6.975165e-06 1.619200e-06 8.461989e-07
7.742637e+03 9.825998e-01 1.701113e-02 1.809963e-04 1.112816e-04 5.814884e-05 2.196145e-05 9.758105e-06 5.099359e-06 1.183964e-06 6.187449e-07
1.000000e+10 9.825999e-01 1.701104e-02 1.809953e-04 1.112885e-04 5.814226e-05 2.196145e-05 9.758760e-06 5.099188e-06 1.183980e-06 6.187234e-07
