0.000000e+00 1.796579e-05 4.126240e-01 1.840058e-01 9.386392e-02 8.125521e-03 1.285805e-02 1.203680e-02 1.578704e-01 1.185976e-01
1.111111e-02 2.126006e-05 4.338840e-01 2.366488e-01 1.052864e-01 6.145849e-03 1.114254e-02 1.492328e-02 9.393273e-02 9.801511e-02
2.222222e-02 2.470706e-05 4.518803e-01 2.687991e-01 1.108394e-01 5.007834e-03 9.296085e-03 1.647889e-02 5.666881e-02 8.100490e-02
3.333333e-02 2.828186e-05 4.668259e-01 2.889621e-01 1.129799e-01 4.358968e-03 7.697889e-03 1.726151e-02 3.493925e-02 6.694632e-02
4.444444e-02 3.196252e-05 4.791908e-01 3.020914e-01 1.131451e-01 3.994464e-03 6.365130e-03 1.759599e-02 2.225759e-02 5.532754e-02
5.555556e-02 3.573073e-05 4.894134e-01 3.110734e-01 1.121769e-01 3.795088e-03 5.261854e-03 1.767152e-02 1.484667e-02 4.572547e-02
6.666667e-02 3.957132e-05 4.978640e-01 3.175904e-01 1.105694e-01 3.691423e-03 4.349885e-03 1.759826e-02 1.050686e-02 3.779025e-02
7.777778e-02 4.347174e-05 5.048500e-01 3.226236e-01 1.086134e-01 3.643057e-03 3.596259e-03 1.744037e-02 7.957143e-03 3.123263e-02
8.888889e-02 4.742161e-05 5.106258e-01 3.267464e-01 1.064803e-01 3.626469e-03 2.973505e-03 1.723521e-02 6.451396e-03 2.581351e-02
1.000000e-01 5.141236e-05 5.154014e-01 3.302941e-01 1.042715e-01 3.627974e-03 2.458895e-03 1.700451e-02 5.554974e-03 2.133527e-02
1.668101e+00 6.415677e-04 5.391664e-01 4.062922e-01 4.211393e-02 4.324162e-03 7.581039e-06 4.289731e-03 3.153655e-03 1.076756e-05
2.782559e+01 1.052502e-02 5.495983e-01 3.892447e-01 4.003736e-02 4.141486e-03 7.571687e-06 3.447229e-03 2.988123e-03 1.023651e-05
4.641589e+02 1.696817e-01 6.229084e-01 1.835324e-01 1.887810e-02 1.952748e-03 7.180204e-06 1.625476e-03 1.408933e-03 5.011104e-06
7.742637e+03 5.401143e-01 4.593101e-01 5.048519e-04 5.208008e-05 5.371809e-06 4.560994e-06 4.567076e-06 3.883371e-06 2.458612e-07
1.291550e+05 5.401706e-01 4.592548e-01 5.040043e-04 5.199288e-05 5.362790e-06 4.560440e-06 4.559558e-06 3.876863e-06 2.458114e-07
2.154435e+06 5.401706e-01 4.592548e-01 5.040043e-04 5.199288e-05 5.362790e-06 4.560440e-06 4.559558e-06 3.876863e-06 2.458114e-07
3.593814e+07 5.401706e-01 4.592548e-01 5.040043e-04 5.199288e-05 5.362790e-06 4.560440e-06 4.559558e-06 3.876863e-06 2.458114e-07
5.994843e+08 5.401706e-01 4.592548e-01 5.040043e-04 5.199288e-05 5.362790e-06 4.560440e-06 4.559558e-06 3.876863e-06 2.458114e-07
1.000000e+10 5.401706e-01 4.592548e-01 5.040043e-04 5.199288e-05 5.362790e-06 4.560440e-06 4.559558e-06 3.876863e-06 2.458114e-07
