0.000000e+00 4.987147e-07 4.787652e-07 3.758744e-01 1.026404e-01 1.124209e-03 1.034301e-01 9.652170e-04 2.562868e-03 9.193880e-02 2.320326e-01 2.635728e-04 6.998441e-04 2.510577e-02 6.336125e-02
1.111111e-02 1.442162e-06 9.154851e-07 3.769764e-01 1.029734e-01 1.740376e-03 1.028119e-01 9.746895e-04 2.440687e-03 1.071319e-01 2.158057e-01 2.662282e-04 6.665182e-04 2.926349e-02 5.894633e-02
2.222222e-02 2.907459e-06 1.421013e-06 3.780889e-01 1.032796e-01 2.350603e-03 1.021992e-01 9.826561e-04 2.329823e-03 1.193497e-01 2.025754e-01 2.684134e-04 6.362873e-04 3.260153e-02 5.533362e-02
3.333333e-02 4.892778e-06 1.991476e-06 3.791874e-01 1.035798e-01 2.954943e-03 1.015917e-01 9.895612e-04 2.232613e-03 1.291522e-01 1.917648e-01 2.703002e-04 6.097679e-04 3.527922e-02 5.238077e-02
4.444444e-02 7.393599e-06 2.625752e-06 3.802701e-01 1.038756e-01 3.553449e-03 1.009895e-01 9.955923e-04 2.149223e-03 1.369966e-01 1.829153e-01 2.719476e-04 5.870108e-04 3.742201e-02 4.996353e-02
5.555556e-02 1.040502e-05 3.323144e-06 3.813376e-01 1.041672e-01 4.146174e-03 1.003926e-01 1.000909e-03 2.078730e-03 1.432542e-01 1.756558e-01 2.733999e-04 5.677688e-04 3.913134e-02 4.798057e-02
6.666667e-02 1.392212e-05 4.083030e-06 3.823912e-01 1.044550e-01 4.733171e-03 9.980078e-02 1.005642e-03 2.019737e-03 1.482258e-01 1.696852e-01 2.746928e-04 5.516632e-04 4.048937e-02 4.634972e-02
7.777778e-02 1.794002e-05 4.904802e-06 3.834322e-01 1.047394e-01 5.314492e-03 9.921411e-02 1.009900e-03 1.970712e-03 1.521552e-01 1.647600e-01 2.758557e-04 5.382771e-04 4.156274e-02 4.500437e-02
8.888889e-02 2.245387e-05 5.787859e-06 3.844620e-01 1.050207e-01 5.890187e-03 9.863252e-02 1.013769e-03 1.930164e-03 1.552402e-01 1.606822e-01 2.769127e-04 5.272047e-04 4.240544e-02 4.389052e-02
1.000000e-01 2.745887e-05 6.731606e-06 3.854819e-01 1.052993e-01 6.460307e-03 9.805595e-02 1.017322e-03 1.896733e-03 1.576410e-01 1.572917e-01 2.778832e-04 5.180751e-04 4.306123e-02 4.296440e-02
1.668101e+00 3.955262e-03 5.373247e-04 4.981101e-01 1.360649e-01 4.908175e-02 5.093101e-02 1.275835e-03 1.651601e-03 1.093477e-01 9.297834e-02 3.484961e-04 4.511221e-04 2.986943e-02 2.539714e-02
2.782559e+01 7.250455e-02 9.393806e-03 6.988588e-01 1.909018e-01 1.508411e-02 7.498705e-03 1.726980e-03 1.468451e-03 7.174230e-04 6.100043e-04 4.717265e-04 4.010959e-04 1.959714e-04 1.666234e-04
4.641589e+02 9.529576e-02 1.233659e-02 6.961737e-01 1.901683e-01 2.964800e-04 1.471111e-04 1.720318e-03 1.462447e-03 6.494817e-04 5.522339e-04 4.699067e-04 3.994559e-04 1.774125e-04 1.508433e-04
7.742637e+03 1.471725e-01 1.905231e-02 6.503259e-01 1.776444e-01 3.988189e-04 1.915046e-04 1.607023e-03 1.366135e-03 6.067089e-04 5.158655e-04 4.389602e-04 3.731490e-04 1.657287e-04 1.409092e-04
1.291550e+05 6.335593e-01 8.201760e-02 2.204663e-01 6.022304e-02 1.358329e-03 6.077293e-04 5.447953e-04 4.631320e-04 2.056790e-04 1.748824e-04 1.488114e-04 1.265009e-04 5.618330e-05 4.776932e-05
2.154435e+06 8.454944e-01 1.094537e-01 3.316189e-02 9.058574e-03 1.776420e-03 7.890925e-04 8.194650e-05 6.966293e-05 3.093672e-05 2.630452e-05 2.238378e-05 1.902788e-05 8.450678e-06 7.185109e-06
3.593814e+07 8.454944e-01 1.094537e-01 3.316189e-02 9.058573e-03 1.776420e-03 7.890925e-04 8.194649e-05 6.966293e-05 3.093672e-05 2.630452e-05 2.238378e-05 1.902788e-05 8.450677e-06 7.185109e-06
5.994843e+08 8.454944e-01 1.094537e-01 3.316189e-02 9.058573e-03 1.776420e-03 7.890925e-04 8.194649e-05 6.966293e-05 3.093672e-05 2.630452e-05 2.238378e-05 1.902788e-05 8.450677e-06 7.185109e-06
1.000000e+10 8.454944e-01 1.094537e-01 3.316189e-02 9.058573e-03 1.776420e-03 7.890925e-04 8.194649e-05 6.966293e-05 3.093672e-05 2.630452e-05 2.238378e-05 1.902788e-05 8.450677e-06 7.185109e-06
