0.000000e+00 4.163336e-16 1.691266e-01 4.869863e-02 6.678293e-02 4.787837e-16 4.023959e-01 9.256484e-15 1.291577e-01 1.986258e-16 1.190119e-01 6.938894e-18 6.482629e-02
1.111111e-02 4.086257e-08 1.706272e-01 4.872525e-02 9.480010e-02 1.579236e-05 3.920576e-01 4.100560e-04 1.011413e-01 8.837978e-03 1.185664e-01 7.950437e-06 6.481032e-02
2.222222e-02 1.178315e-07 1.720964e-01 4.877928e-02 1.163734e-01 3.154601e-05 3.862164e-01 7.914876e-04 7.956898e-02 1.320922e-02 1.181229e-01 1.589750e-05 6.479436e-02
3.333333e-02 2.308254e-07 1.735465e-01 4.885842e-02 1.329848e-01 4.726959e-05 3.826185e-01 1.147010e-03 6.295844e-02 1.535525e-02 1.176813e-01 2.384120e-05 6.477842e-02
4.444444e-02 3.797828e-07 1.749835e-01 4.896061e-02 1.457758e-01 6.297101e-05 3.801409e-01 1.478829e-03 5.016846e-02 1.639278e-02 1.172415e-01 3.178153e-05 6.476249e-02
5.555556e-02 5.646599e-07 1.764107e-01 4.908395e-02 1.556250e-01 7.865749e-05 3.782242e-01 1.788835e-03 4.032027e-02 1.687819e-02 1.168034e-01 3.971851e-05 6.474657e-02
6.666667e-02 7.854293e-07 1.778297e-01 4.922669e-02 1.632091e-01 9.433566e-05 3.765895e-01 2.078703e-03 3.273725e-02 1.708865e-02 1.163671e-01 4.765213e-05 6.473067e-02
7.777778e-02 1.042078e-06 1.792414e-01 4.938723e-02 1.690490e-01 1.100116e-04 3.750980e-01 2.349944e-03 2.689838e-02 1.716226e-02 1.159324e-01 5.558239e-05 6.471478e-02
8.888889e-02 1.334606e-06 1.806463e-01 4.956409e-02 1.735459e-01 1.256908e-04 3.736806e-01 2.603940e-03 2.240249e-02 1.716780e-02 1.154994e-01 6.350931e-05 6.469889e-02
1.000000e-01 1.663027e-06 1.820448e-01 4.975589e-02 1.770088e-01 1.413783e-04 3.723027e-01 2.841960e-03 1.894070e-02 1.713956e-02 1.150680e-01 7.143287e-05 6.468302e-02
1.668101e+00 4.480764e-04 3.357123e-01 8.666527e-02 1.887134e-01 2.696775e-03 2.269071e-01 9.272064e-03 7.355076e-03 1.046408e-02 6.812255e-02 1.156608e-03 6.248668e-02
2.782559e+01 5.742951e-02 5.236596e-01 1.190820e-01 1.886377e-01 1.187190e-02 2.886951e-02 1.229328e-02 7.350794e-03 1.325492e-03 1.799181e-03 1.182957e-02 3.585132e-02
4.641589e+02 6.373395e-01 1.294943e-01 2.934019e-02 1.826623e-01 3.062394e-03 7.099055e-03 3.029123e-03 7.117804e-03 3.254027e-04 1.442047e-04 2.669224e-04 1.188500e-04
7.742637e+03 8.999628e-01 5.668241e-03 1.302419e-03 8.880336e-02 3.153824e-04 3.315620e-04 1.344403e-04 3.460381e-03 1.519474e-05 6.178027e-06 2.941317e-11 1.260839e-11
1.291550e+05 9.937588e-01 3.993915e-03 9.274143e-04 6.707124e-04 2.978005e-04 2.153364e-04 9.567063e-05 2.613692e-05 9.868444e-06 4.385268e-06 1.934363e-11 8.595829e-12
2.154435e+06 9.937593e-01 3.993906e-03 9.274123e-04 6.702472e-04 2.978004e-04 2.153358e-04 9.567042e-05 2.611879e-05 9.868416e-06 4.385259e-06 1.934358e-11 8.595808e-12
3.593814e+07 9.937593e-01 3.993906e-03 9.274123e-04 6.702472e-04 2.978004e-04 2.153358e-04 9.567042e-05 2.611879e-05 9.868416e-06 4.385259e-06 1.934358e-11 8.595808e-12
5.994843e+08 9.937593e-01 3.993906e-03 9.274123e-04 6.702472e-04 2.978004e-04 2.153358e-04 9.567042e-05 2.611879e-05 9.868416e-06 4.385259e-06 1.934358e-11 8.595808e-12
1.000000e+10 9.937593e-01 3.993906e-03 9.274123e-04 6.702472e-04 2.978004e-04 2.153358e-04 9.567042e-05 2.611879e-05 9.868416e-06 4.385259e-06 1.934358e-11 8.595808e-12
